  .00  .05
  .01  .12
  .02  .12
  .03  .14
  .04  .18
  .05  .16
  .06  .14
  .07  .04
  .08  .05
  .09  .03
  .10  .03
  .11  .08
  .12  .07
  .13  .13
  .14  .17
  .15  .20
  .16  .28
  .17  .30
  .18  .22
  .19  .25
  .20  .17
  .21  .21
  .22  .14
  .23  .10
  .24  .15
  .25  .12
  .26  .14
  .27  .22
  .28  .22
  .29  .29
  .30  .30
  .31  .35
  .32  .36
  .33  .33
  .34  .29
  .35  .31
  .36  .23
  .37  .16
  .38  .17
  .39  .18
  .40  .23
  .41  .26
  .42  .28
  .43  .38
  .44  .45
  .45  .40
  .46  .48
  .47  .40
  .48  .37
  .49  .38
  .50  .34
  .51  .28
  .52  .33
  .53  .31
  .54  .34
  .55  .34
  .56  .41
  .57  .44
  .58  .43
  .59  .54
  .60  .58
  .61  .58
  .62  .47
  .63  .49
  .64  .42
  .65  .42
  .66  .36
  .67  .41
  .68  .42
  .69  .42
  .70  .41
  .71  .49
  .72  .52
  .73  .62
  .74  .65
  .75  .67
  .76  .57
  .77  .61
  .78  .58
  .79  .48
  .80  .51
  .81  .50
  .82  .42
  .83  .53
  .84  .48
  .85  .58
  .86  .65
  .87  .69
  .88  .69
  .89  .76
  .90  .66
  .91  .74
  .92  .65
  .93  .59
  .94  .55
  .95  .54
  .96  .53
  .97  .55
  .98  .56
  .99  .60
