  .00  .05
  .02  .12
  .04  .18
  .06  .14
  .08  .05
  .10  .03
  .12  .07
  .14  .17
  .16  .28
  .18  .22
  .20  .17
  .22  .14
  .24  .15
  .26  .14
  .28  .22
  .30  .30
  .32  .36
  .34  .29
  .36  .23
  .38  .17
  .40  .23
  .42  .28
  .44  .45
  .46  .48
  .48  .37
  .50  .34
  .52  .33
  .54  .34
  .56  .41
  .58  .43
  .60  .58
  .62  .47
  .64  .42
  .66  .36
  .68  .42
  .70  .41
  .72  .52
  .74  .65
  .76  .57
  .78  .58
  .80  .51
  .82  .42
  .84  .48
  .86  .65
  .88  .69
  .90  .66
  .92  .65
  .94  .55
  .96  .53
  .98  .56
 1.00  .60

